[Eth6608]
m_iStepOrContinue=0
m_fStepXY=1.200000
m_fGoHomeOffset=0.000000
m_bHomeX=1
m_bHomeY=1
m_bHomeZ=0
m_bXGoHomePositive=0
m_bYGoHomePositive=0
m_bZGoHomePositive=0
m_fStartSpeedX=1.000000
m_fStartSpeedY=1.000000
m_fStartSpeedZ=1.000000
m_fSpeedX=50.000000
m_fSpeedY=50.000000
m_fSpeedZ=50.000000
m_fHomeSpeedX=20.000000
m_fHomeSpeedY=30.000000
m_fHomeSpeedZ=40.000000
m_fAccTime=0.500000
m_fAccTimeY=0.500000
m_fAccTimeZ=0.500000
m_iPPM_X=1000
m_iPPM_Y=1000
m_iPPM_Z=100
m_fDistX=100.000000
m_fDistY=100.000000
m_fDistZ=100.000000
m_bDistX=1
m_bDistY=1
m_bDistZ=0
m_iCPMM_X=1000
m_iCPMM_Y=1000
m_iCPMM_Z=400
m_bDisplayCnt=0
m_bXCloseloop=0
m_bYCloseloop=0
m_bZCloseloop=0
m_bXENCODE_DEV=0
m_bYENCODE_DEV=0
m_bZENCODE_DEV=0
m_iCaliTimeMS=5000
m_bXGoHomeBackEZ=0
m_iAfterHomeOffset=0
m_fSoftLimitPosValue=3500.000000
m_fSoftLimitNegaValue=-3000.000000
dwAddress=-1062731465
dwAddress2=0
